/home/david/Documents/research/CosmoFuse/benchmarks/static_treecode/stage1_analyse.py:27: RuntimeWarning: invalid value encountered in divide
  c = c_num[sel].sum(axis=(0, 1)) / c_den[sel].sum(axis=(0, 1))
96 patches x 12 realisations; bins (arcmin):
  lo: [  5.    7.1  10.2  14.5  20.7  29.6  42.2  60.3  86.  122.8 175.2]

=== 0. full-resolution reference / theory (variant A) ===
  xip:  [1.018  1.0204 1.0178 1.0181 1.0213 1.0271 1.026  1.0267 1.0775 1.1297 1.2973]
  xim:  [0.9792 1.0059 0.9976 1.0007 1.0066 1.0043 1.009  1.0259 1.043  1.0424 1.1383]
  xit:  [1.0086 0.9958 1.0048 1.0005 1.0046 1.0054 1.0154 1.021  0.9854 1.0163 1.3188]
  xig:  [1.0071 1.0075 1.0001 1.0026 0.9963 0.989  0.9737 0.9394 0.9028 0.9147 1.3363]

=== 1. coarse/fine ratio, variant A, geometry 'centroid' (rows: level) ===
  -- xip
    1024:  [0.9739 1.0177 1.0091 0.9982 1.0021 1.     0.9995 1.0011 1.0002 1.     1.003 ]  +- 0.004
     512:  [0.9769 1.0568 0.9869 1.0032 1.0084 0.9929 0.9988 1.003  1.0033 0.999  1.0022]  +- 0.009
     256:  [0.9015 0.979  1.0053 1.0571 0.9932 0.9971 0.9983 0.9958 0.9981 1.0085 0.999 ]  +- 0.0626
     128:  [0.6073 1.3178 0.8682 1.009  1.0151 1.0538 0.9886 1.0063 0.9847 1.0141 1.0203]  +- nan
      64:  [   nan    nan    nan 0.8929 1.0396 1.0085 1.0327 1.0951 0.9574 1.0279 1.024 ]  +- nan
  -- xim
    1024:  [0.7071 0.8216 0.918  0.9573 0.9799 0.991  0.9945 0.9976 0.9989 0.9999 0.9995]  +- 0.0045
     512:  [0.2295 0.3531 0.6431 0.8082 0.9006 0.9469 0.9756 0.9894 0.995  0.9984 0.996 ]  +- 0.0122
     256:  [0.181  0.0889 0.1986 0.3539 0.651  0.8    0.9009 0.9512 0.9711 0.9914 0.9932]  +- 0.0989
     128:  [-0.0073  0.1783 -0.005   0.1153  0.1999  0.3745  0.6711  0.8228  0.8878  0.9515  0.9757]  +- nan
      64:  [    nan     nan     nan -0.7966  0.0397  0.1171  0.212   0.4002  0.6698  0.8133  1.0159]  +- nan
  -- xit
    1024:  [0.8783 0.9799 0.9819 0.9923 0.9974 0.9967 0.9992 0.9989 1.0003 1.0002 0.9992]  +- 0.0035
     512:  [0.5686 0.7759 0.8867 0.9602 0.9781 0.9852 0.9947 0.997  0.9992 1.0005 1.0006]  +- 0.008
     256:  [0.2268 0.4965 0.5985 0.7983 0.9025 0.9414 0.974  0.9758 0.9968 1.     1.003 ]  +- 0.0686
     128:  [-0.0476  0.225   0.2856  0.4755  0.6309  0.7965  0.9034  0.9283  0.9712  0.9911  0.9674]  +- nan
      64:  [   nan    nan    nan 0.8356 0.2572 0.5208 0.6174 0.7942 0.8928 0.9431 1.0494]  +- nan
  -- xig
    1024:  [0.9824 1.0144 1.0077 0.9972 1.0011 1.0004 1.0001 1.0005 1.0013 0.9984 1.011 ]  +- 0.0086
     512:  [0.9989 1.0626 0.9905 0.9989 1.0048 0.9916 1.002  1.0032 1.0026 1.0011 1.0031]  +- 0.0178
     256:  [0.9665 0.9785 1.0039 1.0371 0.9898 0.992  0.9964 0.9961 1.0028 1.0058 1.0364]  +- 0.0586
     128:  [-0.0116  1.4182  0.8947  0.9867  0.996   1.0418  0.9929  0.9908  1.0207  0.9975  1.0546]  +- nan
      64:  [   nan    nan    nan 0.7094 0.9965 0.9943 1.0214 1.153  0.971  1.0578 1.3943]  +- nan

=== 2. geometry variants: (ratio - 1) relative to 'centroid' ===
  -- xip, centre minus centroid
    1024:  [0.001  0.0015 0.0008 0.0005 0.0004 0.0003 0.0002 0.0003 0.0003 0.0002 0.001 ]
     512:  [-0.0004  0.0041  0.0027  0.0021  0.0027  0.0011  0.0013  0.0011  0.0017  0.0016  0.0022]
     256:  [   nan    nan 0.003  0.0084 0.0078 0.0043 0.0056 0.0051 0.0063 0.0064 0.013 ]
     128:  [   nan    nan    nan    nan 0.0108 0.0237 0.0175 0.0216 0.0264 0.0166 0.0512]
  -- xip, rot minus centroid
    1024:  [ 0.  0.  0.  0.  0.  0. -0.  0.  0. -0. -0.]
     512:  [ 0.      0.      0.      0.      0.      0.      0.      0.      0.      0.     -0.0001]
     256:  [ 0.      0.      0.      0.      0.      0.      0.      0.      0.      0.     -0.0001]
     128:  [-0.0001 -0.0003  0.0002  0.      0.      0.     -0.      0.      0.0001 -0.     -0.0005]
  -- xim, centre minus centroid
    1024:  [-0.0017 -0.0005  0.0001  0.0002  0.0003  0.0002  0.0002  0.0001  0.0001  0.0002  0.0001]
     512:  [-0.0026 -0.0067 -0.0047 -0.0013 -0.0005  0.0002  0.0003  0.0003  0.0003  0.0007  0.002 ]
     256:  [    nan     nan -0.0049 -0.0109 -0.0071  0.     -0.0009  0.0007  0.0009  0.0038  0.0003]
     128:  [    nan     nan     nan     nan -0.0055 -0.0225 -0.0111 -0.0082  0.0058  0.004   0.0095]
  -- xim, rot minus centroid
    1024:  [ 0.  0.  0.  0.  0.  0.  0.  0. -0. -0.  0.]
     512:  [ 0. -0.  0.  0.  0.  0.  0.  0.  0. -0.  0.]
     256:  [ 0.0004 -0.      0.      0.      0.      0.      0.      0.     -0.      0.      0.0001]
     128:  [-0.0001  0.0012 -0.     -0.0001  0.      0.      0.      0.0001 -0.     -0.      0.0002]
  -- xit, centre minus centroid
    1024:  [0.0003 0.0011 0.0008 0.0004 0.0004 0.0001 0.0001 0.0002 0.0002 0.0002 0.    ]
     512:  [-0.0029 -0.0022 -0.0002  0.0022  0.0015  0.0002  0.0002  0.0009  0.0011  0.0008  0.0005]
     256:  [    nan     nan -0.0018 -0.0034  0.0006  0.0016  0.001   0.0014  0.0031  0.0067 -0.0056]
     128:  [    nan     nan     nan     nan -0.0102 -0.0062 -0.0007  0.0031  0.0165  0.0142  0.0152]
  -- xit, rot minus centroid
    1024:  [ 0.  0.  0. -0.  0.  0.  0.  0.  0.  0.  0.]
     512:  [ 0. -0. -0.  0. -0.  0.  0.  0.  0. -0.  0.]
     256:  [-0.0001 -0.     -0.     -0.      0.      0.      0.      0.     -0.     -0.      0.    ]
     128:  [-0.0002 -0.0002 -0.0001  0.      0.     -0.     -0.      0.     -0.     -0.      0.0004]
  -- xig, centre minus centroid
    1024:  [0.0011 0.0014 0.0006 0.0005 0.0004 0.0003 0.0004 0.0002 0.0005 0.0005 0.0006]
     512:  [-0.0005  0.0044  0.0024  0.0014  0.0023  0.002   0.0019  0.0015  0.0022  0.0022  0.0066]
     256:  [   nan    nan 0.0015 0.0092 0.0063 0.0061 0.0056 0.0065 0.0117 0.0102 0.002 ]
     128:  [   nan    nan    nan    nan 0.0049 0.0282 0.0233 0.037  0.0363 0.0211 0.0344]
  -- xig, rot minus centroid
    1024:  [0. 0. 0. 0. 0. 0. 0. 0. 0. 0. 0.]
     512:  [0. 0. 0. 0. 0. 0. 0. 0. 0. 0. 0.]
     256:  [0. 0. 0. 0. 0. 0. 0. 0. 0. 0. 0.]
     128:  [0. 0. 0. 0. 0. 0. 0. 0. 0. 0. 0.]

=== 3. T9 data/sim consistency: ratio(B: n_gal weights) / ratio(A: uniform) - 1 ===
  -- xip
    1024:  [-0.      0.0001  0.     -0.     -0.0001  0.      0.     -0.      0.0001 -0.0003  0.0003]  +- 0.0041
     512:  [-0.0001  0.      0.0001  0.     -0.0001 -0.0002  0.      0.0002  0.0001 -0.0002 -0.001 ]  +- 0.009
     256:  [-0.0047  0.0032 -0.0003 -0.0003  0.0004 -0.0002  0.      0.0003 -0.0001 -0.0004  0.0002]  +- 0.0641
     128:  [ 0.3779 -0.0814 -0.0036  0.0005 -0.0002 -0.0008  0.0005 -0.0001  0.0006 -0.0002 -0.0002]  +- nan
  -- xim
    1024:  [ 0.0011 -0.0008  0.0001  0.0002  0.0003 -0.0001 -0.     -0.0001  0.0002 -0.0002  0.    ]  +- 0.0045
     512:  [ 0.0034 -0.0026  0.0013 -0.001  -0.0001  0.0005  0.      0.0001  0.      0.0003 -0.0019]  +- 0.0123
     256:  [-0.1253 -0.033   0.0031 -0.0007  0.0014 -0.0006  0.0004 -0.0007 -0.0002  0.0005 -0.0024]  +- 0.1047
     128:  [-167.3229   -0.5458   -5.1777   -0.0358    0.0073   -0.0039   -0.       -0.0002   -0.0003   -0.0012    0.0003]  +- nan
  -- xit
    1024:  [-0.     -0.      0.0002 -0.0003  0.0002  0.      0.      0.0001 -0.0001  0.0002 -0.0001]  +- 0.0035
     512:  [ 0.0006 -0.0003  0.0004 -0.0006  0.0002 -0.0001  0.0003 -0.0002 -0.0002  0.0002 -0.0004]  +- 0.008
     256:  [-0.0125  0.0064  0.0008 -0.0003  0.0005 -0.001   0.0002 -0.0001  0.0002  0.0002 -0.0012]  +- 0.0702
     128:  [-6.4808 -0.5417 -0.018  -0.0085  0.0005 -0.0011  0.0003 -0.0001 -0.0005 -0.0003 -0.0017]  +- nan
  -- xig
    1024:  [0. 0. 0. 0. 0. 0. 0. 0. 0. 0. 0.]  +- 0.0086
     512:  [0. 0. 0. 0. 0. 0. 0. 0. 0. 0. 0.]  +- 0.0178
     256:  [0. 0. 0. 0. 0. 0. 0. 0. 0. 0. 0.]  +- 0.0586
     128:  [0. 0. 0. 0. 0. 0. 0. 0. 0. 0. 0.]  +- nan

=== 4. information loss (variant C, noisy): corr(coarse, fine) and var ratio over patches x reals ===
  -- xip
    1024 rho:  [0.577  0.6905 0.8256 0.8621 0.9195 0.951  0.9706 0.9821 0.9894 0.9924 0.9828]
         var:  [1.1096 1.1221 0.9565 1.0089 1.0209 1.0062 0.9973 1.0007 0.9972 1.0144 1.0002]
     512 rho:  [0.3784 0.4553 0.5601 0.6259 0.8186 0.8853 0.9303 0.9573 0.9738 0.9807 0.9605]
         var:  [0.7303 1.048  1.0079 1.1132 0.9813 1.0135 1.0583 0.9703 1.0115 1.0243 1.0108]
     256 rho:  [   nan 0.0919 0.4212 0.4669 0.6131 0.7462 0.8541 0.9093 0.9371 0.9587 0.9252]
         var:  [    nan 19.5705  0.6194  1.1881  1.0503  1.0256  0.9534  0.943   0.998   0.9991  0.9955]
     128 rho:  [   nan    nan    nan 0.0741 0.5277 0.5254 0.7098 0.8036 0.8743 0.9146 0.8246]
         var: /home/david/Documents/research/CosmoFuse/benchmarks/static_treecode/stage1_analyse.py:130: RuntimeWarning: invalid value encountered in divide
  c = coarse[jg, il, ip, inum][m].sum(0) / coarse[jg, il, ip, iden][m].sum(0)
 [    nan     nan     nan 12.5397  0.6702  1.2063  0.9689  0.9378  0.9818  1.0169  1.1199]
      64 rho:  [   nan    nan    nan    nan    nan    nan 0.6217 0.5462 0.7525 0.7903 0.4646]
         var:  [   nan    nan    nan    nan    nan    nan 0.6735 1.1697 0.973  1.0911 2.6649]
  -- xim
    1024 rho:  [0.3941 0.5856 0.719  0.813  0.8694 0.9257 0.9467 0.9687 0.9826 0.9886 0.9821]
         var:  [1.3116 1.1579 0.9601 1.0207 1.0065 0.9658 0.985  1.0014 1.0007 0.9951 0.9958]
     512 rho:  [0.0991 0.1628 0.3389 0.4917 0.6803 0.8019 0.8593 0.9213 0.9502 0.9685 0.9578]
         var:  [0.7186 1.148  1.1195 1.1199 0.9775 0.9414 0.9836 1.0163 1.0041 0.9683 0.9875]
     256 rho:  [    nan -0.0267  0.05    0.1086  0.3229  0.5347  0.6809  0.8179  0.8931  0.9342  0.9072]
         var:  [    nan 22.1511  0.7803  1.2157  1.1149  0.9879  0.9598  1.008   1.0411  0.9671  1.0284]
     128 rho:  [    nan     nan     nan -0.0289  0.0496  0.1493  0.3613  0.5792  0.7523  0.8511  0.795 ]
         var:  [    nan     nan     nan 16.2428  0.9012  1.3619  1.1701  0.9501  1.0313  1.0182  1.1762]
      64 rho:  [   nan    nan    nan    nan    nan    nan 0.0783 0.1379 0.4501 0.6204 0.4287]
         var:  [   nan    nan    nan    nan    nan    nan 0.9153 1.9029 0.9845 1.0875 2.8907]
  -- xit
    1024 rho:  [0.5398 0.6921 0.8495 0.9107 0.9575 0.9817 0.991  0.9964 0.9982 0.999  0.9977]
         var:  [1.1507 1.176  0.9343 0.9744 1.0242 0.9817 1.0061 0.9993 1.0022 1.0002 1.0041]
     512 rho:  [0.2218 0.3774 0.5592 0.7242 0.8643 0.9335 0.97   0.9882 0.9941 0.9967 0.9921]
         var:  [1.0825 1.8832 1.1462 1.0947 0.9261 0.9463 1.0051 0.9852 1.0033 1.0004 1.0093]
     256 rho:  [   nan 0.0376 0.2555 0.2853 0.5976 0.8029 0.906  0.961  0.9777 0.9882 0.9746]
         var:  [    nan 42.0685  1.2303  2.2557  1.1922  0.9153  0.971   0.9531  0.9998  0.9908  1.0477]
     128 rho:  [   nan    nan    nan 0.0731 0.2714 0.354  0.7021 0.8588 0.9371 0.9601 0.9171]
         var:  [    nan     nan     nan 28.5792  1.4294  1.8614  1.0838  0.8905  0.9985  1.0172  1.1702]
      64 rho:  [   nan    nan    nan    nan    nan    nan 0.4221 0.4807 0.8021 0.8513 0.614 ]
         var:  [   nan    nan    nan    nan    nan    nan 0.9057 1.5246 1.097  1.021  2.167 ]
  -- xig
    1024 rho:  [0.9471 0.9783 0.9938 0.9971 0.9989 0.9995 0.9997 0.9999 0.9999 0.9999 0.9997]
         var:  [1.0397 1.0016 0.9904 1.0027 1.0006 0.9998 1.0006 0.9979 0.9993 1.0005 0.9989]
     512 rho:  [0.918  0.9198 0.9703 0.9853 0.9954 0.9976 0.9988 0.9994 0.9996 0.9997 0.9989]
         var:  [1.009  1.0789 0.9811 0.9832 1.0088 0.9901 1.0007 0.9998 0.9998 0.9981 1.0014]
     256 rho:  [   nan 0.2337 0.9554 0.9496 0.9803 0.9905 0.9956 0.9975 0.9981 0.9986 0.9936]
         var:  [   nan 6.8272 0.9539 1.0277 0.9827 0.99   0.9896 0.99   0.9915 0.9983 1.0086]
     128 rho:  [   nan    nan    nan 0.3356 0.9596 0.9531 0.9754 0.9863 0.9916 0.9936 0.9734]
         var:  [   nan    nan    nan 4.217  0.9264 1.0594 1.0212 0.956  0.9767 0.988  1.076 ]
      64 rho:  [   nan    nan    nan    nan    nan    nan 0.9491 0.8961 0.9569 0.9617 0.7738]
         var:  [   nan    nan    nan    nan    nan    nan 0.925  1.1602 0.9471 1.0418 1.9469]

=== 5. special patches: xim and xit ratio (variant A) ===
  -- lowdec_clean (dec 0.0, f_mask 0.02)
   xim centroid  1024:  [0.7113 0.8376 0.9184 0.9581 0.9885 0.9954 0.9915 1.0004 0.9959 1.0032 0.9946]
   xim centroid   512:  [0.2045 0.39   0.6398 0.8402 0.9253 0.9464 0.968  0.9961 0.9912 1.0117 0.9781]
   xim centroid   256:  [    nan -0.185   0.2063  0.401   0.6591  0.8013  0.9063  0.9482  0.9587  1.0574  0.9859]
   xim rot       1024:  [0.7113 0.8376 0.9184 0.9581 0.9885 0.9954 0.9915 1.0004 0.9959 1.0032 0.9946]
   xim rot        512:  [0.2045 0.39   0.6398 0.8402 0.9253 0.9464 0.968  0.9961 0.9912 1.0117 0.9781]
   xim rot        256:  [    nan -0.185   0.2063  0.401   0.6591  0.8013  0.9063  0.9482  0.9587  1.0574  0.9859]
   xit centroid  1024:  [0.8714 1.0442 0.9947 0.9966 0.9984 0.9875 1.0045 1.0004 1.0022 0.9973 0.9906]
   xit centroid   512:  [0.5628 0.8177 0.8827 0.9804 0.9741 0.9779 0.983  1.0009 1.0073 0.9899 1.1239]
   xit centroid   256:  [   nan 0.4143 0.5755 0.8909 0.8799 0.8727 1.0421 0.9671 1.0421 0.9378 1.1724]
   xit rot       1024:  [0.8714 1.0442 0.9947 0.9966 0.9984 0.9875 1.0045 1.0004 1.0022 0.9973 0.9906]
   xit rot        512:  [0.5628 0.8177 0.8827 0.9804 0.9741 0.9779 0.983  1.0009 1.0073 0.9899 1.1239]
   xit rot        256:  [   nan 0.4143 0.5755 0.8909 0.8799 0.8727 1.0421 0.9671 1.0421 0.9378 1.1724]
  -- highdec_clean (dec -61.9, f_mask 0.01)
   xim centroid  1024:  [0.7093 0.8357 0.9181 0.9236 0.975  0.9972 0.9868 1.0035 0.9965 0.9981 1.0613]
   xim centroid   512:  [-0.0713  0.3704  0.7009  0.8176  0.908   0.8699  1.0054  1.0018  0.9873  0.9979  1.0983]
   xim centroid   256:  [    nan  0.011  -0.2094  0.3449  0.7886  0.8199  0.8614  0.9175  1.0061  0.9564  1.2148]
   xim rot       1024:  [0.7093 0.8357 0.9181 0.9236 0.975  0.9971 0.9868 1.0035 0.9965 0.998  1.0611]
   xim rot        512:  [-0.0713  0.3703  0.7009  0.8176  0.9079  0.8699  1.0054  1.002   0.9874  0.9978  1.0986]
   xim rot        256:  [    nan  0.0105 -0.2096  0.3449  0.7887  0.82    0.8617  0.9176  1.0061  0.9563  1.2212]
   xit centroid  1024:  [0.9212 0.9725 0.9831 0.9629 0.9995 1.0103 0.9831 1.0048 1.0017 0.9953 0.9827]
   xit centroid   512:  [0.5096 0.7762 0.983  0.9502 0.9478 0.9757 1.0032 1.0017 1.0012 0.9667 0.9963]
   xit centroid   256:  [   nan 0.1306 0.6418 0.7499 0.9177 0.9336 1.0311 0.9205 1.0709 0.8903 0.9604]
   xit rot       1024:  [0.9212 0.9725 0.9831 0.9629 0.9995 1.0103 0.9831 1.0048 1.0017 0.9954 0.9828]
   xit rot        512:  [0.5096 0.7762 0.983  0.9502 0.9479 0.9757 1.0032 1.0017 1.0011 0.9668 0.9966]
   xit rot        256:  [   nan 0.1304 0.6419 0.75   0.9179 0.9336 1.031  0.9207 1.0708 0.8902 0.9603]
  -- most_masked (dec -8.4, f_mask 0.50)
   xim centroid  1024:  [0.7744 0.6994 0.9425 0.9629 0.968  1.0034 0.973  1.008  0.9926 1.0024 1.0855]
   xim centroid   512:  [0.4951 0.1153 0.7282 0.785  0.916  0.9246 0.9278 1.0198 0.9878 0.9956 1.2275]
   xim centroid   256:  [-0.0069  0.4689  0.5111  0.1041  0.6754  0.727   0.9886  0.9147  0.9339  1.0263  2.3145]
   xim rot       1024:  [0.7744 0.6994 0.9425 0.9629 0.968  1.0034 0.973  1.008  0.9926 1.0024 1.0854]
   xim rot        512:  [0.4951 0.1153 0.7282 0.785  0.916  0.9246 0.9278 1.0198 0.9878 0.9956 1.228 ]
   xim rot        256:  [-0.007   0.4689  0.5111  0.104   0.6754  0.727   0.9887  0.9148  0.934   1.0263  2.3135]
   xit centroid  1024:  [0.8879 1.0336 1.0009 0.9957 0.9794 0.9956 0.9982 1.0023 1.0012 0.9976 1.0004]
   xit centroid   512:  [0.5677 0.7874 0.8495 0.9828 0.963  0.9565 1.019  1.0025 0.9866 1.0319 0.9898]
   xit centroid   256:  [-0.0469  0.0208  0.6404  0.7523  0.8416  0.9844  0.9857  1.0202  0.9935  1.0391  0.9764]
   xit rot       1024:  [0.8879 1.0336 1.0009 0.9957 0.9794 0.9956 0.9982 1.0023 1.0012 0.9976 1.0004]
   xit rot        512:  [0.5677 0.7874 0.8495 0.9828 0.963  0.9565 1.019  1.0025 0.9866 1.0319 0.9898]
   xit rot        256:  [-0.0471  0.0208  0.6404  0.7523  0.8416  0.9844  0.9858  1.0203  0.9935  1.0391  0.9764]
  -- masked_25pct (dec -15.7, f_mask 0.25)
   xim centroid  1024:  [0.711  0.8234 0.9273 0.9675 0.9803 0.9923 0.9983 0.9978 1.0024 0.9922 0.9854]
   xim centroid   512:  [0.2683 0.4114 0.6953 0.8159 0.9075 0.951  0.9838 0.9904 0.9956 1.0201 1.0322]
   xim centroid   256:  [0.2455 0.1595 0.2269 0.3418 0.7321 0.8068 0.8744 0.9424 0.9837 1.0445 1.032 ]
   xim rot       1024:  [0.711  0.8234 0.9273 0.9675 0.9803 0.9923 0.9983 0.9978 1.0024 0.9922 0.9854]
   xim rot        512:  [0.2683 0.4114 0.6953 0.8159 0.9075 0.951  0.9838 0.9903 0.9956 1.0201 1.032 ]
   xim rot        256:  [0.2456 0.1595 0.2269 0.3418 0.7321 0.8068 0.8743 0.9424 0.9837 1.0444 1.0321]
   xit centroid  1024:  [0.8823 1.0125 0.9874 0.9878 1.0056 1.001  1.0021 1.0006 1.0083 0.9966 0.9944]
   xit centroid   512:  [0.5929 0.7854 0.8494 0.9369 0.9748 0.9851 1.0189 1.0016 1.0078 1.0025 0.9887]
   xit centroid   256:  [-0.6515  0.555   0.5859  0.8281  0.7575  1.0185  0.9702  0.9825  0.9578  1.0028  1.0776]
   xit rot       1024:  [0.8823 1.0125 0.9874 0.9878 1.0056 1.001  1.0021 1.0006 1.0083 0.9966 0.9944]
   xit rot        512:  [0.5929 0.7854 0.8494 0.9369 0.9748 0.9851 1.0189 1.0016 1.0078 1.0025 0.9888]
   xit rot        256:  [-0.6515  0.5549  0.5859  0.8281  0.7575  1.0185  0.9701  0.9825  0.9578  1.0027  1.0776]

=== 6. per-k level tables (median patch pair counts, real) ===
  full resolution: 78.3 M pairs/patch

  k = 2.0:  nside/bin [2048, 1024, 1024, 512, 512, 256, 256, 128, 128, 64, 64]
     k_eff    [2.91 2.08 2.96 2.11 3.02 2.15 3.07 2.19 3.13 2.23 3.19]
     pairs/patch 0.25 M  -> 6.1 GB / 1000 patches (24 B), 2.0 GB (8 B packed);  per bin (M):  [0.171 0.017 0.045 0.005 0.011 0.001 0.003 0.    0.    0.    0.   ]
     xip ratio [1.     1.0177 1.0091 1.0032 1.0084 0.9971 0.9983 1.0063 0.9847 1.0279 1.024 ] | min rho 0.4646
     xim ratio [1.     0.8216 0.918  0.8082 0.9006 0.8    0.9009 0.8228 0.8878 0.8133 1.0159] | min rho 0.4287
     xit ratio [1.     0.9799 0.9819 0.9602 0.9781 0.9414 0.974  0.9283 0.9712 0.9431 1.0494] | min rho 0.6140
     xig ratio [1.     1.0144 1.0077 0.9989 1.0048 0.992  0.9964 0.9908 1.0207 1.0578 1.3943] | min rho 0.7738

  k = 2.9:  nside/bin [2048, 2048, 1024, 1024, 512, 512, 256, 256, 128, 128, 64]
     k_eff    [2.91 4.15 2.96 4.23 3.02 4.31 3.07 4.39 3.13 4.47 3.19]
     pairs/patch 0.64 M  -> 15.5 GB / 1000 patches (24 B), 5.2 GB (8 B packed);  per bin (M):  [0.171 0.31  0.045 0.08  0.011 0.02  0.003 0.004 0.    0.001 0.   ]
     xip ratio [1.     1.     1.0091 0.9982 1.0084 0.9929 0.9983 0.9958 0.9847 1.0141 1.024 ] | min rho 0.4646
     xim ratio [1.     1.     0.918  0.9573 0.9006 0.9469 0.9009 0.9512 0.8878 0.9515 1.0159] | min rho 0.4287
     xit ratio [1.     1.     0.9819 0.9923 0.9781 0.9852 0.974  0.9758 0.9712 0.9911 1.0494] | min rho 0.6140
     xig ratio [1.     1.     1.0077 0.9972 1.0048 0.9916 0.9964 0.9961 1.0207 0.9975 1.3943] | min rho 0.7738

  k = 4.0:  nside/bin [2048, 2048, 2048, 1024, 1024, 512, 512, 256, 256, 128, 128]
     k_eff    [2.91 4.15 5.93 4.23 6.04 4.31 6.15 4.39 6.26 4.47 6.37]
     pairs/patch 1.44 M  -> 34.6 GB / 1000 patches (24 B), 11.5 GB (8 B packed);  per bin (M):  [0.171 0.31  0.655 0.08  0.157 0.02  0.035 0.004 0.006 0.001 0.   ]
     xip ratio [1.     1.     1.     0.9982 1.0021 0.9929 0.9988 0.9958 0.9981 1.0141 1.0203] | min rho 0.8246
     xim ratio [1.     1.     1.     0.9573 0.9799 0.9469 0.9756 0.9512 0.9711 0.9515 0.9757] | min rho 0.7950
     xit ratio [1.     1.     1.     0.9923 0.9974 0.9852 0.9947 0.9758 0.9968 0.9911 0.9674] | min rho 0.9107
     xig ratio [1.     1.     1.     0.9972 1.0011 0.9916 1.002  0.9961 1.0028 0.9975 1.0546] | min rho 0.9734

  k = 5.8:  nside/bin [2048, 2048, 2048, 2048, 1024, 1024, 512, 512, 256, 256, 128]
     k_eff    [2.91 4.15 5.93 8.46 6.04 8.61 6.15 8.77 6.26 8.93 6.37]
     pairs/patch 2.98 M  -> 71.6 GB / 1000 patches (24 B), 23.9 GB (8 B packed);  per bin (M):  [0.171 0.31  0.655 1.28  0.157 0.3   0.035 0.062 0.006 0.007 0.   ]
     xip ratio [1.     1.     1.     1.     1.0021 1.     0.9988 1.003  0.9981 1.0085 1.0203] | min rho 0.8246
     xim ratio [1.     1.     1.     1.     0.9799 0.991  0.9756 0.9894 0.9711 0.9914 0.9757] | min rho 0.7950
     xit ratio [1.     1.     1.     1.     0.9974 0.9967 0.9947 0.997  0.9968 1.     0.9674] | min rho 0.9171
     xig ratio [1.     1.     1.     1.     1.0011 1.0004 1.002  1.0032 1.0028 1.0058 1.0546] | min rho 0.9734

  k = 8.0:  nside/bin [2048, 2048, 2048, 2048, 2048, 1024, 1024, 512, 512, 256, 256]
     k_eff    [ 2.91  4.15  5.93  8.46 12.07  8.61 12.29  8.77 12.52  8.93 12.75]
     pairs/patch 5.88 M  -> 141.2 GB / 1000 patches (24 B), 47.1 GB (8 B packed);  per bin (M):  [0.171 0.31  0.655 1.28  2.466 0.3   0.538 0.062 0.091 0.007 0.002]
     xip ratio [1.     1.     1.     1.     1.     1.     0.9995 1.003  1.0033 1.0085 0.999 ] | min rho 0.9252
     xim ratio [1.     1.     1.     1.     1.     0.991  0.9945 0.9894 0.995  0.9914 0.9932] | min rho 0.9072
     xit ratio [1.     1.     1.     1.     1.     0.9967 0.9992 0.997  0.9992 1.     1.003 ] | min rho 0.9746
     xig ratio [1.     1.     1.     1.     1.     1.0004 1.0001 1.0032 1.0026 1.0058 1.0364] | min rho 0.9936
